#1
double lift(35,6)   # 	thickness, alfa - lift
0.00	12.0	15.0	16.0	21.0	25.0	# foil thicknesses
-90.0	-0.02	-0.02	-0.02	-0.02	-0.02
-50.0	-0.41	-0.41	-0.41	-0.41	-0.41
-40.0	-0.47	-0.47	-0.47	-0.47	-0.47
-30.0	-0.47	-0.47	-0.47	-0.47	-0.47
-25.0	-0.41	-0.41	-0.41	-0.41	-0.41
-20.0	-0.24	-0.24	-0.24	-0.24	-0.24
-18.0	-0.32	-0.32	-0.32	-0.32	-0.32
-16.0	-0.75	-0.75	-0.75	-0.75	-0.75
-14.0	-0.88	-0.88	-0.88	-0.88	-0.88
-12.0	-0.82	-0.82	-0.82	-0.82	-0.82
-10.0	-0.68	-0.68	-0.68	-0.68	-0.68
-8.00	-0.56	-0.56	-0.56	-0.56	-0.56
-6.00	-0.41	-0.41	-0.41	-0.41	-0.41
-4.00	-0.25	-0.25	-0.25	-0.25	-0.25
-2.00	-0.06	-0.06	-0.06	-0.06	-0.06
 0.00	 0.16	 0.16	 0.16	 0.16	 0.16
 2.00	 0.38	 0.38	 0.38	 0.38	 0.38
 4.00	 0.60	 0.60	 0.60	 0.60	 0.60
 6.00	 0.82	 0.82	 0.82	 0.82	 0.81
 8.00	 1.04	 1.03	 1.01	 1.00	 0.98
 10.0	 1.26	 1.23	 1.19	 1.14	 1.08
 12.0	 1.43	 1.36	 1.29	 1.20	 1.12
 14.0	 1.50	 1.42	 1.32	 1.21	 1.12
 16.0	 1.34	 1.30	 1.25	 1.18	 1.09
 18.0	 0.80	 1.05	 1.10	 1.12	 1.06
 20.0	 0.70	 0.85	 1.00	 1.05	 1.04
 25.0	 0.92	 0.95	 0.97	 0.99	 1.01
 30.0	 0.99	 1.00	 1.01	 1.02	 1.03
 40.0	 0.99	 1.00	 1.01	 1.02	 1.03
 50.0	 0.92	 0.92	 0.92	 0.92	 0.92
 60.0	 0.75	 0.75	 0.75	 0.75	 0.75
 70.0	 0.51	 0.51	 0.51	 0.51	 0.51
 80.0	 0.24	 0.24	 0.24	 0.24	 0.24
 90.0	-0.02	-0.02	-0.02	-0.02	-0.02
#2
double drag(35,6)   # 	thickness, alfa - lift
0.00	12.0	15.0	16.0	21.0	25.0	# foil thicknesses
-90.0	1.3000	1.3000	1.3000	1.3000	1.3000	
-50.0	1.0100	1.0100	1.0100	1.0100	1.0100	
-40.0	0.8500	0.8500	0.8500	0.8500	0.8500	
-30.0	0.6600	0.6600	0.6600	0.6600	0.6600	
-25.0	0.5000	0.5000	0.5000	0.5000	0.5000	
-20.0	0.3200	0.3200	0.3200	0.3200	0.3200	
-18.0	0.2150	0.2150	0.2150	0.2150	0.2150	
-16.0	0.1500	0.1500	0.1500	0.1500	0.1500	
-14.0	0.0700	0.0700	0.0700	0.0700	0.0700	
-12.0	0.0400	0.0400	0.0400	0.0400	0.0400	
-10.0	0.0240	0.0240	0.0240	0.0240	0.0240	
-8.00	0.0160	0.0160	0.0160	0.0160	0.0160	
-6.00	0.0110	0.0110	0.0110	0.0110	0.0110	
-4.00	0.0080	0.0080	0.0080	0.0080	0.0080	
-2.00	0.0060	0.0060	0.0060	0.0060	0.0060	
 0.00	0.0048	0.0052	0.0058	0.0064	0.0073	
 2.00	0.0048	0.0052	0.0058	0.0063	0.0072	
 4.00	0.0056	0.0058	0.0061	0.0065	0.0073	
 6.00	0.0080	0.0080	0.0080	0.0079	0.0078	
 8.00	0.0110	0.0110	0.0108	0.0105	0.0102	
 10.0	0.0158	0.0156	0.0154	0.0152	0.0150	
 12.0	0.0240	0.0230	0.0225	0.0218	0.0210	
 14.0	0.0400	0.0380	0.0360	0.0340	0.0320	
 16.0	0.0700	0.0700	0.0700	0.0700	0.0700	
 18.0	0.1500	0.1500	0.1500	0.1500	0.1500	
 20.0	0.2150	0.2200	0.2250	0.2300	0.2350	
 25.0	0.3700	0.3600	0.3500	0.3400	0.3300	
 30.0	0.4700	0.4700	0.4600	0.4500	0.4500	
 40.0	0.6600	0.6600	0.6600	0.6600	0.6600	
 50.0	0.8500	0.8500	0.8500	0.8500	0.8500	
 60.0	1.0100	1.0100	1.0100	1.0100	1.0100	
 70.0	1.1500	1.1500	1.1500	1.1500	1.1500	
 80.0	1.2500	1.2500	1.2500	1.2500	1.2500	
 90.0	1.3000	1.3000	1.3000	1.3000	1.3000	